1 1.92388
2 1.81549
3 1.65329
4 1.46194
5 1.2706
6 1.10839
7 0.999999
8 0.961939
9 0.999998
10 1.10839
11 1.2706
12 1.46194
13 1.65328
14 1.81549
15 1.92388
16 1.81549
17 1.7071
18 1.54489
19 1.35355
20 1.16221
21 0.999999
22 0.89161
23 0.853549
24 0.891609
25 0.999998
26 1.16221
27 1.35355
28 1.54489
29 1.7071
30 1.81549
31 1.65329
32 1.54489
33 1.38268
34 1.19133
35 0.99999
36 0.837781
37 0.729393
38 0.691332
39 0.729392
40 0.83778
41 0.999989
42 1.19133
43 1.38267
44 1.54489
45 1.65329
46 1.46194
47 1.35355
48 1.19133
49 0.999985
50 0.808644
51 0.646435
52 0.538048
53 0.499986
54 0.538047
55 0.646435
56 0.808643
57 0.999984
58 1.19133
59 1.35355
60 1.46194
61 1.2706
62 1.16221
63 0.99999
64 0.808644
65 0.617303
66 0.455092
67 0.346706
68 0.308644
69 0.346706
70 0.455092
71 0.617302
72 0.808643
73 0.999989
74 1.16221
75 1.2706
76 1.10839
77 0.999999
78 0.837781
79 0.646435
80 0.455092
81 0.29288
82 0.184494
83 0.146433
84 0.184493
85 0.292879
86 0.455092
87 0.646435
88 0.837781
89 0.999998
90 1.10839
91 0.999999
92 0.89161
93 0.729393
94 0.538048
95 0.346706
96 0.184494
97 0.0761067
98 0.0380462
99 0.0761065
100 0.184493
101 0.346706
102 0.538048
103 0.729393
104 0.89161
105 0.999999
106 0.961939
107 0.853549
108 0.691332
109 0.499986
110 0.308644
111 0.146433
112 0.0380462
113 -1.44471e-05
114 0.0380461
115 0.146433
116 0.308644
117 0.499986
118 0.691331
119 0.853549
120 0.961939
121 0.999998
122 0.891609
123 0.729392
124 0.538047
125 0.346706
126 0.184493
127 0.0761065
128 0.0380461
129 0.0761063
130 0.184493
131 0.346705
132 0.538047
133 0.729392
134 0.891609
135 0.999998
136 1.10839
137 0.999998
138 0.83778
139 0.646435
140 0.455092
141 0.292879
142 0.184493
143 0.146433
144 0.184493
145 0.292879
146 0.455091
147 0.646434
148 0.83778
149 0.999998
150 1.10839
151 1.2706
152 1.16221
153 0.999989
154 0.808643
155 0.617302
156 0.455092
157 0.346706
158 0.308644
159 0.346705
160 0.455091
161 0.617302
162 0.808642
163 0.999988
164 1.16221
165 1.2706
166 1.46194
167 1.35355
168 1.19133
169 0.999984
170 0.808643
171 0.646435
172 0.538048
173 0.499986
174 0.538047
175 0.646434
176 0.808642
177 0.999983
178 1.19133
179 1.35355
180 1.46194
181 1.65328
182 1.54489
183 1.38267
184 1.19133
185 0.999989
186 0.837781
187 0.729393
188 0.691331
189 0.729392
190 0.83778
191 0.999988
192 1.19133
193 1.38267
194 1.54489
195 1.65328
196 1.81549
197 1.7071
198 1.54489
199 1.35355
200 1.16221
201 0.999998
202 0.89161
203 0.853549
204 0.891609
205 0.999998
206 1.16221
207 1.35355
208 1.54489
209 1.7071
210 1.81549
211 1.92388
212 1.81549
213 1.65329
214 1.46194
215 1.2706
216 1.10839
217 0.999999
218 0.961939
219 0.999998
220 1.10839
221 1.2706
222 1.46194
223  1.65328
224  1.81549
225 1.92388